test1vector=[0	0.035716051	0.071432268	0.107148815	0.14286586	0.178572972	0.214302384	0.250024571	0.285758618	0.321508557	0.357266811	0.393029108	0.428790682	0.464551218	0.500415867	0.536058342	0.71467347	0.892521459	1.056157117	1.278430598
0	0.035735921	0.071472008	0.107208426	0.142945343	0.178672769	0.214421621	0.250163714	0.285917713	0.321687598	0.357465826	0.393248046	0.429029574	0.464809983	0.500699794	0.536356767	0.715070567	0.893007299	1.056611135	1.278706443
0	0.0357622	0.071524566	0.107287266	0.143050465	0.178804563	0.214579319	0.25034774	0.286128141	0.32192441	0.357729057	0.393537622	0.429345545	0.465152221	0.501075998	0.536751488	0.715595766	0.893651175	1.057209901	1.279046476
0	0.0357911	0.071582366	0.107373967	0.14316607	0.178949304	0.214752744	0.250550118	0.286359569	0.322184855	0.358018562	0.393856097	0.429693047	0.465528607	0.501489651	0.537185592	0.71617328	0.894356756	1.057854121	1.279380021
0	0.035834404	0.071668976	0.107503884	0.143339297	0.17916569	0.215012611	0.250853364	0.286706345	0.322575115	0.358452358	0.394333306	0.430213721	0.466092594	0.502098946	0.537836068	0.717038746	0.895402888	1.058837284	1.279934012
0	0.035900451	0.071801072	0.107702031	0.143603499	0.179495629	0.215408952	0.251315859	0.287235226	0.323170326	0.35911395	0.395061132	0.43100777	0.466952768	0.503026516	0.538828185	0.718358838	0.89700104	1.060376488	1.280856261
0	0.035998669	0.071997508	0.107996691	0.143996388	0.179986275	0.21599834	0.252003621	0.288021691	0.324055437	0.360097751	0.396143434	0.432188478	0.468231884	0.504404273	0.540303546	0.72032198	0.899380512	1.062705994	1.282319332
0	0.036070174	0.07214052	0.108211212	0.144282423	0.180343507	0.216427437	0.252504353	0.288594301	0.324699859	0.360814024	0.396931439	0.433048047	0.469163171	0.505406364	0.541377691	0.721750929	0.901098368	1.064354501	1.28330508
0	0.036130359	0.072260893	0.108391775	0.14452318	0.180644545	0.216788615	0.252925837	0.289076298	0.325242302	0.361416952	0.397594751	0.433771541	0.469947069	0.50625236	0.542281853	0.722953319	0.902534185	1.065694368	1.284052698
0	0.036225507	0.07245119	0.108677225	0.14490379	0.181120612	0.217359593	0.253592141	0.289838245	0.326099817	0.36237009	0.398643308	0.434915276	0.471186272	0.507592723	0.543711219	0.724853888	0.90481611	1.067827531	1.285333178
0	0.036343416	0.072687011	0.109030964	0.145375452	0.181710568	0.218067169	0.254417852	0.290782475	0.327162484	0.363551257	0.399942694	0.436332638	0.472721917	0.509254982	0.545482538	0.727208366	0.907640631	1.070468351	1.286929175
0	0.036473818	0.072947816	0.109422179	0.145897086	0.182362805	0.218849712	0.255331058	0.291826759	0.328337761	0.364857582	0.401379751	0.437900199	0.474420249	0.511088924	0.547441562	0.729811413	0.910735311	1.07335136	1.288679836
0	0.036607553	0.07321529	0.109823396	0.146432057	0.183031564	0.219652268	0.256267639	0.292897781	0.329543132	0.366197351	0.402853577	0.439507901	0.476162055	0.512971606	0.549450714	0.732480094	0.913884233	1.076246172	1.290415173
0	0.036753695	0.073507577	0.110261835	0.147016657	0.183762225	0.22052928	0.257291131	0.294068193	0.330860405	0.36766144	0.40446413	0.441264805	0.478065497	0.515028278	0.551646175	0.73539566	0.917292409	1.079351469	1.292272577
0	0.036919283	0.073838758	0.110758616	0.147679049	0.184590227	0.221522993	0.25845083	0.295394374	0.332353007	0.369320339	0.406288969	0.443255503	0.480222231	0.517353978	0.554133597	0.73869846	0.921132214	1.082859539	1.294418152
0	0.037103024	0.074206244	0.111309856	0.148414055	0.185509121	0.222625643	0.259737679	0.296865972	0.334009277	0.371161111	0.408313849	0.445464456	0.482615419	0.519934618	0.556893566	0.742361209	0.925383636	1.086709344	1.296803302
0	0.037296371	0.074592943	0.111889915	0.14918749	0.186476006	0.223785957	0.261091835	0.298414562	0.335752212	0.373098178	0.410444623	0.447788971	0.485133818	0.5226526	0.559797795	0.746210686	0.929808707	1.090648376	1.299262913
0	0.037498195	0.074996595	0.112495406	0.149994834	0.187485259	0.224997165	0.262505397	0.300031117	0.337571621	0.375120215	0.412668863	0.4502155	0.487762691	0.525494146	0.562829318	0.750220335	0.934363177	1.094623854	1.301761248
0	0.037722783	0.075445777	0.113169192	0.150893241	0.188608529	0.226345007	0.264078424	0.301830111	0.339596275	0.377370334	0.415143989	0.45291582	0.490688155	0.528661986	0.566202724	0.754670091	0.939368849	1.098959873	1.304461255
0	0.037979584	0.075959386	0.113939623	0.151920513	0.189892722	0.22788619	0.265877108	0.303887236	0.341911393	0.3799432	0.417974149	0.456003594	0.494033328	0.532281757	0.570059896	0.75974633	0.944971868	1.103861607	1.307459873
0	0.038279635	0.076559495	0.114839805	0.153120792	0.191392918	0.229686945	0.267978771	0.306290887	0.344616495	0.382949376	0.421280953	0.459611533	0.497941743	0.536504383	0.574566313	0.765667625	0.951406898	1.109556117	1.310930456
0	0.038545048	0.077090328	0.115636074	0.154182517	0.192719995	0.231279863	0.269837979	0.308417225	0.347009524	0.385608697	0.424206145	0.462803185	0.501398862	0.540228598	0.578552028	0.770883089	0.956933591	1.114382979	1.313796987
0	0.038817367	0.077634973	0.11645306	0.155271868	0.194081764	0.232914262	0.271745728	0.310598957	0.34946495	0.38833732	0.427207568	0.466078011	0.504945918	0.544045984	0.582641258	0.77621493	0.962471532	1.119183796	1.316624637
0	0.039129849	0.078259948	0.117390544	0.156521888	0.195644347	0.234789759	0.273935016	0.313102508	0.352282591	0.39146846	0.430651815	0.469835876	0.509015891	0.548429367	0.587333142	0.782272532	0.968703442	1.124606086	1.319809844
0	0.039468556	0.078937371	0.118406704	0.157876815	0.197338072	0.236822682	0.276308232	0.315816298	0.355336764	0.394862404	0.434385229	0.473909035	0.513427122	0.55318661	0.592417288	0.788794316	0.975251816	1.13029784	1.323131592
0	0.039829149	0.079658568	0.119488528	0.159319299	0.199141514	0.238987013	0.278835014	0.318705605	0.358588356	0.398475673	0.438359958	0.478245286	0.518123178	0.55826321	0.59782727	0.795676319	0.981961426	1.136075365	1.326525216
0	0.040206844	0.080413969	0.12062166	0.160830198	0.201030469	0.241254044	0.281481836	0.321732159	0.361994293	0.402260401	0.442523433	0.482787047	0.523041863	0.563584795	0.603490563	0.802817056	0.98873313	1.14178967	1.329841523
0	0.040608867	0.08121803	0.121827785	0.16243843	0.203041021	0.24366723	0.284299324	0.324953903	0.365619869	0.406289045	0.446955223	0.487621018	0.52827664	0.569245286	0.609515429	0.810331391	0.99575529	1.147662857	1.333120685
0	0.041050935	0.082102181	0.123154049	0.164206883	0.205251945	0.246320959	0.287397637	0.328496767	0.36960684	0.410718977	0.451828294	0.492936167	0.5340315	0.575458773	0.616133736	0.818383023	1.003224797	1.153879254	1.33648146
0	0.04152896	0.083058248	0.124588194	0.166119201	0.207642846	0.249190713	0.290748231	0.332328013	0.373918367	0.415509394	0.45709778	0.498683631	0.540252111	0.582176249	0.623271368	0.826809307	1.01093328	1.160129292	1.339914515
0	0.042028767	0.084057882	0.126087693	0.16811868	0.210142726	0.252191429	0.294251836	0.336334058	0.378426601	0.420518388	0.462607029	0.50469171	0.546751368	0.589201357	0.630696395	0.835329292	1.018538898	1.166115827	1.343297836
0	0.042555701	0.085111771	0.12766858	0.170226691	0.212778289	0.255355213	0.297946002	0.340557847	0.383179592	0.425798952	0.468415256	0.511023788	0.553597724	0.596587119	0.638489028	0.843958089	1.026147066	1.171884673	1.346639302
0	0.04312795	0.086256294	0.129385426	0.172516003	0.21564049	0.258791266	0.301958193	0.345145254	0.388341475	0.431533781	0.474723253	0.517896875	0.561026819	0.604523099	0.646884841	0.852929727	1.034157928	1.177657229	1.350088385
0	0.043762125	0.087524672	0.131288067	0.175053096	0.218812522	0.262599584	0.306404895	0.350229423	0.394062199	0.437888733	0.481711714	0.525507135	0.569243609	0.613288626	0.656076785	0.86244335	1.042816825	1.183558639	1.353795016
0	0.044475395	0.088951247	0.133428015	0.177906701	0.222380133	0.266883366	0.311406616	0.355948112	0.400495647	0.445036238	0.489568203	0.534059301	0.578415382	0.623069092	0.666238105	0.872820174	1.052148002	1.189797868	1.357901425
